6550:0000019733,0.5555555555555556,50.0,0.0,50.0,39,28,raise
6550:0000019733,0.5555555555555556,57.142857,42.857143,0.0,39,28,raise
6550:0000019733,0.5555555555555556,71.42857,14.285714,14.285714,39,28,call
6550:0000019733,0.5555555555555556,66.666664,33.333332,0.0,39,28,4,8,49,fold
6550:0000019970,0.6666666666666666,66.666664,33.333332,0.0,11,32,call
6550:0000020944,0.42857142857142855,NaN,NaN,NaN,42,43,call
6550:0000020944,0.42857142857142855,66.666664,33.333332,0.0,42,43,call
6550:0000020944,0.42857142857142855,50.0,50.0,0.0,42,43,49,51,28,fold
6550:0000019547,0.2222222222222222,37.5,37.5,25.0,27,4,call
6550:0000019547,0.2222222222222222,66.666664,16.666666,16.666666,27,4,raise
6550:0000019547,0.2222222222222222,60.0,20.0,20.0,27,4,fold
6550:0000019489,0.2222222222222222,62.5,37.5,0.0,7,30,raise
6550:0000019489,0.2222222222222222,62.5,37.5,0.0,7,30,raise
6550:0000019489,0.2222222222222222,57.142857,42.857143,0.0,7,30,fold
6550:0000019076,0.2857142857142857,66.666664,33.333332,0.0,12,36,call
6550:0000019076,0.2857142857142857,100.0,0.0,0.0,12,36,9,20,26,call
6550:0000019076,0.2857142857142857,33.333332,33.333332,33.333332,12,36,9,20,26,call
6550:0000019076,0.2857142857142857,50.0,50.0,0.0,12,36,9,20,26,fold
6550:0000020661,0.8888888888888888,40.0,0.0,60.0,32,38,fold
6550:0000018334,0.5,0.0,0.0,100.0,29,49,call
6550:0000018334,0.5,50.0,33.333332,16.666666,29,49,fold
6550:0000019167,0.1111111111111111,28.571428,57.142857,14.285714,3,50,raise
6550:0000019167,0.1111111111111111,28.571428,57.142857,14.285714,3,50,raise
6550:0000019167,0.1111111111111111,33.333332,33.333332,33.333332,3,50,fold
6550:0000020911,0.3333333333333333,NaN,NaN,NaN,32,42,fold
6550:0000018995,0.7777777777777778,25.0,75.0,0.0,29,41,raise
6550:0000018995,0.7777777777777778,62.5,37.5,0.0,29,41,call
6550:0000018995,0.7777777777777778,50.0,37.5,12.5,29,41,raise
6550:0000018995,0.7777777777777778,16.666666,83.333336,0.0,29,41,call
6550:0000018995,0.7777777777777778,33.333332,50.0,16.666666,29,41,call
6550:0000018995,0.7777777777777778,20.0,80.0,0.0,29,41,call
6550:0000018995,0.7777777777777778,40.0,40.0,20.0,29,41,call
6550:0000018995,0.7777777777777778,50.0,25.0,25.0,29,41,fold
6550:0000020973,0.5555555555555556,50.0,0.0,50.0,18,50,fold
6550:0000017611,0.3333333333333333,NaN,NaN,NaN,51,28,call
6550:0000017611,0.3333333333333333,50.0,37.5,12.5,51,28,call
6550:0000017611,0.3333333333333333,16.666666,66.666664,16.666666,51,28,call
6550:0000017611,0.3333333333333333,25.0,50.0,25.0,51,28,call
6550:0000017611,0.3333333333333333,100.0,0.0,0.0,51,28,18,16,23,raise
6550:0000017611,0.3333333333333333,0.0,100.0,0.0,51,28,18,16,23,call
6550:0000017611,0.3333333333333333,0.0,100.0,0.0,51,28,18,16,23,26,call
6550:0000017611,0.3333333333333333,0.0,100.0,0.0,51,28,18,16,23,26,39,raise
6550:0000017611,0.3333333333333333,0.0,100.0,0.0,51,28,18,16,23,26,39,raise
6550:0000017280,0.3333333333333333,NaN,NaN,NaN,39,31,call
6550:0000017280,0.3333333333333333,62.5,12.5,25.0,39,31,fold
6550:0000020934,0.1111111111111111,42.857143,28.571428,28.571428,28,6,fold
6550:0000017005,0.8888888888888888,20.0,40.0,40.0,31,34,fold
6550:0000018671,0.125,33.333332,66.666664,0.0,51,6,fold
6550:0000019041,0.6666666666666666,100.0,0.0,0.0,21,13,call
6550:0000019041,0.6666666666666666,62.5,37.5,0.0,21,13,raise
6550:0000019041,0.6666666666666666,57.142857,28.571428,14.285714,21,13,call
6550:0000019041,0.6666666666666666,66.666664,33.333332,0.0,21,13,call
6550:0000019041,0.6666666666666666,50.0,50.0,0.0,21,13,raise
6550:0000019041,0.6666666666666666,16.666666,66.666664,16.666666,21,13,fold
6550:0000019457,0.1111111111111111,57.142857,28.571428,14.285714,49,35,raise
6550:0000019457,0.1111111111111111,28.571428,71.42857,0.0,49,35,call
6550:0000019457,0.1111111111111111,42.857143,14.285714,42.857143,49,35,call
6550:0000019457,0.1111111111111111,NaN,NaN,NaN,49,35,12,11,37,call
6550:0000019457,0.1111111111111111,25.0,25.0,50.0,49,35,12,11,37,call
6550:0000019457,0.1111111111111111,0.0,100.0,0.0,49,35,12,11,37,call
6550:0000019457,0.1111111111111111,NaN,NaN,NaN,49,35,12,11,37,10,fold
6550:0000020631,0.6666666666666666,100.0,0.0,0.0,9,38,call
6550:0000020631,0.6666666666666666,62.5,25.0,12.5,9,38,call
6550:0000020631,0.6666666666666666,42.857143,28.571428,28.571428,9,38,call
6550:0000020631,0.6666666666666666,40.0,60.0,0.0,9,38,raise
6550:0000020631,0.6666666666666666,25.0,75.0,0.0,9,38,call
6550:0000020631,0.6666666666666666,50.0,25.0,25.0,9,38,raise
6550:0000020631,0.6666666666666666,0.0,100.0,0.0,9,38,35,37,16,raise
6550:0000020084,0.3333333333333333,NaN,NaN,NaN,38,34,raise
6550:0000020084,0.3333333333333333,50.0,25.0,25.0,38,34,call
6550:0000020084,0.3333333333333333,16.666666,50.0,33.333332,38,34,call
6550:0000020084,0.3333333333333333,0.0,25.0,75.0,38,34,call
6550:0000020084,0.3333333333333333,NaN,NaN,NaN,38,34,19,15,37,call
6550:0000020084,0.3333333333333333,0.0,100.0,0.0,38,34,19,15,37,call
6550:0000020084,0.3333333333333333,NaN,NaN,NaN,38,34,19,15,37,43,raise
6550:0000020084,0.3333333333333333,0.0,100.0,0.0,38,34,19,15,37,43,raise
6550:0000020084,0.3333333333333333,NaN,NaN,NaN,38,34,19,15,37,43,36,call
6550:0000019814,0.6666666666666666,100.0,0.0,0.0,51,0,raise
6550:0000019814,0.6666666666666666,25.0,75.0,0.0,51,0,19,50,3,raise
6550:0000019814,0.6666666666666666,60.0,20.0,20.0,51,0,19,50,3,raise
6550:0000019814,0.6666666666666666,25.0,25.0,50.0,51,0,19,50,3,raise
6550:0000019814,0.6666666666666666,100.0,0.0,0.0,51,0,19,50,3,48,fold
6550:0000018830,0.4444444444444444,100.0,0.0,0.0,20,5,call
6550:0000018830,0.4444444444444444,37.5,25.0,37.5,20,5,call
6550:0000018830,0.4444444444444444,40.0,60.0,0.0,20,5,call
6550:0000018830,0.4444444444444444,20.0,80.0,0.0,20,5,raise
6550:0000018830,0.4444444444444444,NaN,NaN,NaN,20,5,39,22,51,fold
6550:0000019924,0.8888888888888888,40.0,60.0,0.0,48,35,call
6550:0000019924,0.8888888888888888,71.42857,28.571428,0.0,48,35,fold
6550:0000019914,0.8888888888888888,20.0,60.0,20.0,36,38,raise
6550:0000019914,0.8888888888888888,42.857143,57.142857,0.0,36,38,raise
6550:0000019914,0.8888888888888888,28.571428,57.142857,14.285714,36,38,fold
6550:0000020663,0.1111111111111111,100.0,0.0,0.0,38,5,raise
6550:0000020663,0.1111111111111111,42.857143,42.857143,14.285714,38,5,raise
6550:0000020663,0.1111111111111111,NaN,NaN,NaN,38,5,45,7,48,fold
6550:0000018160,0.5,100.0,0.0,0.0,47,3,fold
6550:0000018632,0.1111111111111111,42.857143,28.571428,28.571428,1,32,call
6550:0000018632,0.1111111111111111,33.333332,50.0,16.666666,1,32,raise
6550:0000018632,0.1111111111111111,40.0,60.0,0.0,1,32,call
6550:0000018632,0.1111111111111111,25.0,50.0,25.0,1,32,call
6550:0000018632,0.1111111111111111,0.0,100.0,0.0,1,32,raise
6550:0000018632,0.1111111111111111,33.333332,66.666664,0.0,1,32,call
6550:0000018632,0.1111111111111111,0.0,100.0,0.0,1,32,call
6550:0000018632,0.1111111111111111,NaN,NaN,NaN,1,32,40,51,2,raise
6550:0000018632,0.1111111111111111,NaN,NaN,NaN,1,32,40,51,2,21,fold
6550:0000020966,0.1111111111111111,42.857143,42.857143,14.285714,47,24,call
6550:0000020966,0.1111111111111111,85.71429,14.285714,0.0,47,24,call
6550:0000020966,0.1111111111111111,28.571428,42.857143,28.571428,47,24,call
6550:0000020966,0.1111111111111111,60.0,20.0,20.0,47,24,raise
6550:0000020966,0.1111111111111111,33.333332,66.666664,0.0,47,24,call
6550:0000020966,0.1111111111111111,0.0,100.0,0.0,47,24,raise
6550:0000020966,0.1111111111111111,33.333332,33.333332,33.333332,47,24,call
6550:0000020966,0.1111111111111111,NaN,NaN,NaN,47,24,46,0,41,call
6550:0000020966,0.1111111111111111,50.0,50.0,0.0,47,24,46,0,41,fold
6550:0000019324,0.1111111111111111,42.857143,42.857143,14.285714,4,6,raise
6550:0000019324,0.1111111111111111,28.571428,57.142857,14.285714,4,6,raise
6550:0000019324,0.1111111111111111,40.0,60.0,0.0,4,6,raise
6550:0000019324,0.1111111111111111,60.0,20.0,20.0,4,6,call
6550:0000019324,0.1111111111111111,50.0,25.0,25.0,4,6,fold
6550:0000017535,0.375,NaN,NaN,NaN,6,37,call
6550:0000017535,0.375,100.0,0.0,0.0,6,37,25,18,39,call
6550:0000017535,0.375,20.0,40.0,40.0,6,37,25,18,39,call
6550:0000017535,0.375,NaN,NaN,NaN,6,37,25,18,39,24,raise
6550:0000017535,0.375,33.333332,66.666664,0.0,6,37,25,18,39,24,fold
6550:0000019669,0.4444444444444444,0.0,0.0,100.0,22,29,raise
6550:0000019669,0.4444444444444444,57.142857,28.571428,14.285714,22,29,call
6550:0000019669,0.4444444444444444,16.666666,83.333336,0.0,22,29,fold
6550:0000019913,0.8888888888888888,60.0,20.0,20.0,43,39,raise
6550:0000019913,0.8888888888888888,42.857143,57.142857,0.0,43,39,fold
6550:0000018821,0.5555555555555556,100.0,0.0,0.0,37,12,fold
6550:0000019297,0.3333333333333333,NaN,NaN,NaN,25,47,call
6550:0000019297,0.3333333333333333,50.0,50.0,0.0,25,47,call
6550:0000019297,0.3333333333333333,62.5,12.5,25.0,25,47,raise
6550:0000019297,0.3333333333333333,50.0,33.333332,16.666666,25,47,call
6550:0000019297,0.3333333333333333,25.0,50.0,25.0,25,47,fold
6550:0000017962,0.4444444444444444,100.0,0.0,0.0,37,38,fold
6550:0000019235,0.8888888888888888,80.0,20.0,0.0,38,41,call
6550:0000019235,0.8888888888888888,50.0,25.0,25.0,38,41,call
6550:0000019235,0.8888888888888888,33.333332,50.0,16.666666,38,41,call
6550:0000019235,0.8888888888888888,60.0,40.0,0.0,38,41,37,21,6,call
6550:0000019235,0.8888888888888888,50.0,50.0,0.0,38,41,37,21,6,17,call
6550:0000019235,0.8888888888888888,50.0,25.0,25.0,38,41,37,21,6,17,raise
6550:0000019235,0.8888888888888888,33.333332,66.666664,0.0,38,41,37,21,6,17,raise
6550:0000019235,0.8888888888888888,66.666664,33.333332,0.0,38,41,37,21,6,17,call
6550:0000019235,0.8888888888888888,66.666664,33.333332,0.0,38,41,37,21,6,17,4,call
6550:0000019235,0.8888888888888888,33.333332,33.333332,33.333332,38,41,37,21,6,17,4,raise
6550:0000019235,0.8888888888888888,0.0,100.0,0.0,38,41,37,21,6,17,4,raise
6550:0000018353,0.4444444444444444,100.0,0.0,0.0,33,25,raise
6550:0000018353,0.4444444444444444,37.5,50.0,12.5,33,25,call
6550:0000018353,0.4444444444444444,28.571428,57.142857,14.285714,33,25,raise
6550:0000018353,0.4444444444444444,33.333332,33.333332,33.333332,33,25,call
6550:0000018864,0.7777777777777778,25.0,25.0,50.0,36,6,fold
6550:0000017433,0.4444444444444444,0.0,100.0,0.0,37,41,raise
6550:0000017433,0.4444444444444444,25.0,62.5,12.5,37,41,fold
6550:0000017514,0.8888888888888888,20.0,60.0,20.0,19,21,call
6550:0000017514,0.8888888888888888,33.333332,33.333332,33.333332,19,21,call
6550:0000017514,0.8888888888888888,0.0,33.333332,66.666664,19,21,25,12,29,fold
6550:0000019717,0.2222222222222222,37.5,50.0,12.5,32,15,raise
6550:0000019717,0.2222222222222222,28.571428,57.142857,14.285714,32,15,raise
6550:0000019717,0.2222222222222222,33.333332,50.0,16.666666,32,15,fold
6550:0000018036,0.25,14.285714,57.142857,28.571428,31,21,call
6550:0000018036,0.25,40.0,60.0,0.0,31,21,call
6550:0000018036,0.25,40.0,40.0,20.0,31,21,raise
6550:0000018036,0.25,75.0,25.0,0.0,31,21,fold
6550:0000018550,0.125,50.0,33.333332,16.666666,15,13,call
6550:0000018550,0.125,16.666666,50.0,33.333332,15,13,call
6550:0000018550,0.125,NaN,NaN,NaN,15,13,43,22,39,raise
6550:0000018550,0.125,0.0,100.0,0.0,15,13,43,22,39,raise
6550:0000018550,0.125,NaN,NaN,NaN,15,13,43,22,39,42,raise
6550:0000018550,0.125,NaN,NaN,NaN,15,13,43,22,39,42,37,raise
6550:0000019336,0.6666666666666666,66.666664,33.333332,0.0,38,13,call
6550:0000019336,0.6666666666666666,25.0,37.5,37.5,38,13,raise
6550:0000019336,0.6666666666666666,60.0,40.0,0.0,38,13,raise
6550:0000019336,0.6666666666666666,40.0,40.0,20.0,38,13,call
6550:0000019336,0.6666666666666666,25.0,25.0,50.0,38,13,call
6550:0000019336,0.6666666666666666,0.0,100.0,0.0,38,13,44,34,15,call
6550:0000019336,0.6666666666666666,100.0,0.0,0.0,38,13,44,34,15,29,fold
6550:0000017147,0.3333333333333333,NaN,NaN,NaN,8,44,call
6550:0000017147,0.3333333333333333,50.0,37.5,12.5,8,44,fold
6550:0000017468,0.8888888888888888,40.0,40.0,20.0,8,45,fold
6550:0000018575,0.7777777777777778,75.0,25.0,0.0,35,31,raise
6550:0000018575,0.7777777777777778,50.0,25.0,25.0,35,31,raise
6550:0000018575,0.7777777777777778,33.333332,33.333332,33.333332,35,31,call
6550:0000018575,0.7777777777777778,33.333332,66.666664,0.0,35,31,29,38,16,call
6550:0000018575,0.7777777777777778,0.0,50.0,50.0,35,31,29,38,16,raise
6550:0000018575,0.7777777777777778,NaN,NaN,NaN,35,31,29,38,16,6,call
6550:0000018575,0.7777777777777778,NaN,NaN,NaN,35,31,29,38,16,6,10,fold
6550:0000018166,0.7777777777777778,0.0,75.0,25.0,41,26,raise
6550:0000018166,0.7777777777777778,42.857143,57.142857,0.0,41,26,call
6550:0000018166,0.7777777777777778,14.285714,71.42857,14.285714,41,26,call
6550:0000019892,0.4444444444444444,0.0,100.0,0.0,35,22,call
6550:0000019892,0.4444444444444444,37.5,37.5,25.0,35,22,raise
6550:0000019892,0.4444444444444444,33.333332,33.333332,33.333332,35,22,raise
6550:0000019892,0.4444444444444444,50.0,50.0,0.0,35,22,fold
6550:0000019725,0.8888888888888888,40.0,40.0,20.0,40,27,raise
6550:0000019725,0.8888888888888888,42.857143,42.857143,14.285714,40,27,call
6550:0000019725,0.8888888888888888,33.333332,33.333332,33.333332,40,27,fold
6550:0000018450,0.42857142857142855,NaN,NaN,NaN,4,32,raise
6550:0000018450,0.42857142857142855,16.666666,33.333332,50.0,4,32,fold
6550:0000019126,0.625,50.0,0.0,50.0,7,32,raise
6550:0000019126,0.625,66.666664,33.333332,0.0,7,32,raise
6550:0000019126,0.625,60.0,40.0,0.0,7,32,call
6550:0000019126,0.625,60.0,20.0,20.0,7,32,call
6550:0000019126,0.625,100.0,0.0,0.0,7,32,50,47,15,call
6550:0000019126,0.625,33.333332,33.333332,33.333332,7,32,50,47,15,25,call
6550:0000019126,0.625,33.333332,66.666664,0.0,7,32,50,47,15,25,fold
6550:0000019374,0.5,0.0,100.0,0.0,27,35,fold
6550:0000019504,0.3333333333333333,NaN,NaN,NaN,27,5,call
6550:0000019504,0.3333333333333333,50.0,37.5,12.5,27,5,call
6550:0000019504,0.3333333333333333,28.571428,42.857143,28.571428,27,5,raise
6550:0000019504,0.3333333333333333,0.0,60.0,40.0,27,5,fold
6550:0000018122,0.42857142857142855,NaN,NaN,NaN,13,38,call
6550:0000018122,0.42857142857142855,50.0,33.333332,16.666666,13,38,call
6550:0000018122,0.42857142857142855,20.0,60.0,20.0,13,38,call
6550:0000018122,0.42857142857142855,0.0,100.0,0.0,13,38,49,45,51,fold
6550:0000019539,0.4444444444444444,0.0,0.0,100.0,0,9,raise
6550:0000019539,0.4444444444444444,57.142857,42.857143,0.0,0,9,call
6550:0000019539,0.4444444444444444,57.142857,28.571428,14.285714,0,9,fold
6550:0000019062,0.42857142857142855,NaN,NaN,NaN,20,3,raise
6550:0000019062,0.42857142857142855,66.666664,33.333332,0.0,20,3,raise
6550:0000019062,0.42857142857142855,50.0,16.666666,33.333332,20,3,fold
6550:0000020151,0.4444444444444444,100.0,0.0,0.0,42,30,raise
6550:0000020151,0.4444444444444444,37.5,12.5,50.0,42,30,call
6550:0000020151,0.4444444444444444,0.0,50.0,50.0,42,30,20,25,46,call
6550:0000020151,0.4444444444444444,66.666664,33.333332,0.0,42,30,20,25,46,raise
6550:0000020151,0.4444444444444444,0.0,66.666664,33.333332,42,30,20,25,46,fold
6550:0000018950,0.3333333333333333,NaN,NaN,NaN,20,28,fold
6550:0000019554,0.7777777777777778,50.0,50.0,0.0,27,48,call
6550:0000019554,0.7777777777777778,57.142857,14.285714,28.571428,27,48,call
6550:0000019554,0.7777777777777778,50.0,0.0,50.0,27,48,43,12,26,raise
6550:0000019554,0.7777777777777778,50.0,50.0,0.0,27,48,43,12,26,call
6550:0000019554,0.7777777777777778,0.0,100.0,0.0,27,48,43,12,26,24,raise
6550:0000019554,0.7777777777777778,50.0,50.0,0.0,27,48,43,12,26,24,fold
6550:0000018532,0.2222222222222222,71.42857,14.285714,14.285714,43,21,fold
6550:0000019273,0.3333333333333333,NaN,NaN,NaN,16,13,fold
6550:0000017776,0.6666666666666666,66.666664,0.0,33.333332,18,16,fold
6550:0000021017,0.7777777777777778,50.0,25.0,25.0,36,28,call
6550:0000021017,0.7777777777777778,14.285714,71.42857,14.285714,36,28,call
6550:0000021017,0.7777777777777778,50.0,33.333332,16.666666,36,28,raise
6550:0000021017,0.7777777777777778,20.0,20.0,60.0,36,28,raise
6550:0000021017,0.7777777777777778,0.0,100.0,0.0,36,28,raise
6550:0000021017,0.7777777777777778,NaN,NaN,NaN,36,28,27,51,32,call
6550:0000021017,0.7777777777777778,NaN,NaN,NaN,36,28,27,51,32,16,call
6550:0000020042,0.625,0.0,0.0,100.0,4,25,raise
6550:0000020042,0.625,40.0,20.0,40.0,4,25,call
6550:0000018444,0.1111111111111111,57.142857,14.285714,28.571428,42,23,call
6550:0000018444,0.1111111111111111,33.333332,50.0,16.666666,42,23,fold
6550:0000017172,0.875,25.0,50.0,25.0,47,5,fold
6550:0000017651,0.7777777777777778,50.0,50.0,0.0,49,0,raise
6550:0000017651,0.7777777777777778,75.0,12.5,12.5,49,0,call
6550:0000017651,0.7777777777777778,50.0,33.333332,16.666666,49,0,call
6550:0000017651,0.7777777777777778,0.0,75.0,25.0,49,0,call
6550:0000017651,0.7777777777777778,50.0,50.0,0.0,49,0,21,17,9,call
6550:0000017651,0.7777777777777778,100.0,0.0,0.0,49,0,21,17,9,16,call
6550:0000017651,0.7777777777777778,100.0,0.0,0.0,49,0,21,17,9,16,40,call
6550:0000017594,0.4444444444444444,0.0,100.0,0.0,15,35,call
6550:0000017594,0.4444444444444444,37.5,37.5,25.0,15,35,call
6550:0000017594,0.4444444444444444,50.0,33.333332,16.666666,15,35,raise
6550:0000017594,0.4444444444444444,20.0,80.0,0.0,15,35,fold
6550:0000019694,0.875,50.0,25.0,25.0,44,38,raise
6550:0000019694,0.875,83.333336,16.666666,0.0,44,38,call
6550:0000019694,0.875,20.0,60.0,20.0,44,38,fold
6550:0000018844,0.625,50.0,0.0,50.0,12,13,call
6550:0000018844,0.625,66.666664,16.666666,16.666666,12,13,raise
6550:0000018844,0.625,0.0,40.0,60.0,12,13,raise
6550:0000018844,0.625,50.0,50.0,0.0,12,13,raise
6550:0000018844,0.625,50.0,50.0,0.0,12,13,fold
6550:0000020895,0.3333333333333333,NaN,NaN,NaN,38,43,call
6550:0000020895,0.3333333333333333,25.0,12.5,62.5,38,43,raise
6550:0000020895,0.3333333333333333,0.0,33.333332,66.666664,38,43,fold
6550:0000019654,0.6666666666666666,66.666664,33.333332,0.0,4,11,call
6550:0000019654,0.6666666666666666,50.0,25.0,25.0,4,11,call
6550:0000019654,0.6666666666666666,0.0,75.0,25.0,4,11,9,33,7,call
6550:0000019654,0.6666666666666666,0.0,50.0,50.0,4,11,9,33,7,10,call
6550:0000019654,0.6666666666666666,100.0,0.0,0.0,4,11,9,33,7,10,26,raise
6550:0000018999,0.14285714285714285,60.0,40.0,0.0,13,45,call
6550:0000018999,0.14285714285714285,33.333332,50.0,16.666666,13,45,raise
6550:0000018999,0.14285714285714285,60.0,40.0,0.0,13,45,call
6550:0000018999,0.14285714285714285,0.0,60.0,40.0,13,45,raise
6550:0000018999,0.14285714285714285,NaN,NaN,NaN,13,45,48,31,39,call
6550:0000018999,0.14285714285714285,33.333332,33.333332,33.333332,13,45,48,31,39,call
6550:0000018999,0.14285714285714285,50.0,50.0,0.0,13,45,48,31,39,call
6550:0000018999,0.14285714285714285,NaN,NaN,NaN,13,45,48,31,39,40,call
6550:0000018999,0.14285714285714285,50.0,50.0,0.0,13,45,48,31,39,40,fold
6550:0000017672,0.4444444444444444,0.0,0.0,100.0,40,10,fold
6550:0000018613,0.3333333333333333,NaN,NaN,NaN,5,51,fold
6550:0000019029,0.625,0.0,50.0,50.0,2,43,raise
6550:0000019029,0.625,33.333332,33.333332,33.333332,2,43,call
6550:0000019029,0.625,50.0,25.0,25.0,2,43,call
6550:0000019029,0.625,0.0,100.0,0.0,2,43,45,16,35,call
6550:0000019029,0.625,0.0,50.0,50.0,2,43,45,16,35,4,call
6550:0000019029,0.625,0.0,100.0,0.0,2,43,45,16,35,4,19,call
6550:0000018720,0.75,33.333332,66.666664,0.0,32,41,fold
6550:0000020094,0.2222222222222222,12.5,37.5,50.0,42,39,raise
6550:0000020094,0.2222222222222222,25.0,25.0,50.0,42,39,fold
6550:0000018205,0.25,42.857143,14.285714,42.857143,47,2,raise
6550:0000018205,0.25,50.0,25.0,25.0,47,2,raise
6550:0000018205,0.25,0.0,33.333332,66.666664,47,2,call
6550:0000018205,0.25,NaN,NaN,NaN,47,2,27,46,0,call
6550:0000018205,0.25,0.0,100.0,0.0,47,2,27,46,0,call
6550:0000018205,0.25,NaN,NaN,NaN,47,2,27,46,0,22,raise
6550:0000019497,0.5,100.0,0.0,0.0,30,15,fold
6550:0000019998,0.5,100.0,0.0,0.0,41,47,call
6550:0000019998,0.5,14.285714,42.857143,42.857143,41,47,raise
6550:0000019998,0.5,25.0,50.0,25.0,41,47,raise
6550:0000019998,0.5,33.333332,66.666664,0.0,41,47,call
6550:0000019998,0.5,0.0,66.666664,33.333332,41,47,raise
6550:0000019998,0.5,0.0,50.0,50.0,41,47,call
6550:0000019998,0.5,NaN,NaN,NaN,41,47,38,16,12,fold
6550:0000018979,0.25,28.571428,57.142857,14.285714,20,30,call
6550:0000018979,0.25,100.0,0.0,0.0,20,30,18,8,2,raise
6550:0000018979,0.25,50.0,25.0,25.0,20,30,18,8,2,call
6550:0000018979,0.25,NaN,NaN,NaN,20,30,18,8,2,31,call
6550:0000018979,0.25,NaN,NaN,NaN,20,30,18,8,2,31,21,raise
6550:0000020055,0.7777777777777778,100.0,0.0,0.0,17,50,raise
6550:0000020055,0.7777777777777778,28.571428,14.285714,57.142857,17,50,raise
6550:0000020055,0.7777777777777778,0.0,100.0,0.0,17,50,3,12,38,call
6550:0000020055,0.7777777777777778,0.0,100.0,0.0,17,50,3,12,38,35,raise
6550:0000020055,0.7777777777777778,66.666664,33.333332,0.0,17,50,3,12,38,35,fold
6550:0000019652,0.875,75.0,25.0,0.0,22,51,raise
6550:0000019652,0.875,28.571428,42.857143,28.571428,22,51,raise
6550:0000020704,0.2222222222222222,25.0,12.5,62.5,24,5,raise
6550:0000020704,0.2222222222222222,50.0,50.0,0.0,24,5,call
6550:0000020704,0.2222222222222222,100.0,0.0,0.0,24,5,18,26,0,raise
6550:0000020704,0.2222222222222222,100.0,0.0,0.0,24,5,18,26,0,49,call
6550:0000020704,0.2222222222222222,50.0,50.0,0.0,24,5,18,26,0,49,fold
6550:0000017767,0.1111111111111111,42.857143,42.857143,14.285714,50,40,call
6550:0000019216,0.3333333333333333,NaN,NaN,NaN,51,21,fold
6550:0000019735,0.625,50.0,0.0,50.0,41,24,call
6550:0000020909,0.875,50.0,25.0,25.0,18,3,fold
6550:0000018359,0.125,50.0,16.666666,33.333332,30,36,raise
6550:0000018359,0.125,NaN,NaN,NaN,30,36,49,22,24,fold
6550:0000019329,0.375,NaN,NaN,NaN,5,32,fold
6550:0000017770,0.7777777777777778,50.0,25.0,25.0,7,26,fold
6550:0000018544,0.1111111111111111,42.857143,42.857143,14.285714,44,17,call
6550:0000018544,0.1111111111111111,28.571428,42.857143,28.571428,44,17,call
6550:0000018544,0.1111111111111111,20.0,20.0,60.0,44,17,fold
6550:0000019653,0.375,NaN,NaN,NaN,41,26,call
6550:0000019653,0.375,14.285714,71.42857,14.285714,41,26,fold
6550:0000018152,0.8888888888888888,20.0,60.0,20.0,43,33,fold
6550:0000019558,0.6666666666666666,33.333332,66.666664,0.0,12,9,raise
6550:0000019558,0.6666666666666666,25.0,50.0,25.0,12,9,raise
6550:0000019558,0.6666666666666666,40.0,20.0,40.0,12,9,call
6550:0000019558,0.6666666666666666,0.0,50.0,50.0,12,9,19,15,27,call
6550:0000019558,0.6666666666666666,0.0,100.0,0.0,12,9,19,15,27,call
6550:0000019558,0.6666666666666666,0.0,100.0,0.0,12,9,19,15,27,46,raise
6550:0000019558,0.6666666666666666,0.0,50.0,50.0,12,9,19,15,27,46,call
6550:0000019526,0.4444444444444444,0.0,0.0,100.0,39,43,call
6550:0000019526,0.4444444444444444,28.571428,28.571428,42.857143,39,43,fold
